0	38688	38688
0	38699	38699
0	38713	38713
0	38748	38748
0	38759	38759
0	38770	38770
0	38773	38773
0	39036	39036
0	39037	39037
1	38717	38717
1	38718	38718
1	38777	38777
1	38778	38778
1	39057	39057
2	38685	38685
2	38692	38692
2	38726	38726
2	38745	38745
2	38752	38752
2	38786	38786
2	39063	39063
3	38714	38714
3	38722	38722
3	38774	38774
3	38782	38782
4	38721	38721
4	38723	38723
4	38781	38781
4	38783	38783
4	39045	39045
5	38679	38679
5	38687	38687
5	38739	38739
5	38747	38747
5	39052	39052
6	38680	38680
6	38683	38683
6	38708	38708
6	38740	38740
6	38743	38743
6	38768	38768
6	39056	39056
6	39059	39059
6	39061	39061
7	38696	38696
7	38701	38701
7	38733	38733
7	38756	38756
7	38761	38761
7	38793	38793
7	39058	39058
7	39064	39064
8	38682	38682
8	38703	38703
8	38734	38734
8	38742	38742
8	38763	38763
8	38794	38794
9	38697	38697
9	38727	38727
9	38757	38757
9	38787	38787
9	39042-A	39042-A
10	38704	38704
10	38709	38709
10	38764	38764
10	38769	38769
10	39047	39047
11	38712	38712
11	38715	38715
11	38772	38772
11	38775	38775
11	39060	39060
12	38707	38707
12	38730	38730
12	38735	38735
12	38767	38767
12	38790	38790
12	38795	38795
13	38691	38691
13	38702	38702
13	38751	38751
13	38762	38762
13	39035	39035
13	39038	39038
13	39043	39043
13	39051	39051
14	38705	38705
14	38732	38732
14	38765	38765
14	38792	38792
15	38681	38681
15	38684	38684
15	38741	38741
15	38744	38744
15	39040	39040
15	39046	39046
15	39050	39050
16	38690	38690
16	38738	38738
16	38750	38750
16	38796	38796
16	39055	39055
17	38698	38698
17	38706	38706
17	38724	38724
17	38758	38758
17	38766	38766
17	38784	38784
17	39039	39039
17	39049	39049
18	38700	38700
18	38711	38711
18	38725	38725
18	38731	38731
18	38760	38760
18	38771	38771
18	38785	38785
18	38791	38791
19	38689	38689
19	38694	38694
19	38710	38710
19	38716	38716
19	38728	38728
19	38749	38749
19	38754	38754
19	38776	38776
19	38788	38788
19	39044	39044
19	39048	39048
19	39053	39053
20	38682	38682
20	38734	38734
20	38742	38742
20	38794	38794
21	38689	38689
21	38710	38710
21	38716	38716
21	38728	38728
21	38749	38749
21	38776	38776
21	38788	38788
21	39044	39044
21	39048	39048
22	38720	38720
22	38780	38780
22	39062	39062
23	38685	38685
23	38726	38726
23	38745	38745
23	38786	38786
23	39063	39063
24	38699	38699
24	38713	38713
24	38759	38759
24	38770	38770
24	38773	38773
24	39037	39037
25	38730	38730
25	38735	38735
25	38790	38790
25	38795	38795
26	38684	38684
26	38744	38744
26	39040	39040
26	39050	39050
27	38698	38698
27	38706	38706
27	38758	38758
27	38766	38766
27	39039	39039
27	39049	39049
28	38700	38700
28	38711	38711
28	38731	38731
28	38760	38760
28	38771	38771
28	38791	38791
29	38691	38691
29	38751	38751
29	39035	39035
29	39038	39038
29	39043	39043
29	39051	39051
